1 0.32469886116397456 0.32469886116397456 5.278595136060889
2 1.270827582116585 1.5955264432805596 4.847525233777578
1 1.7716100641007553 3.367136507381315 2.9789824566270333
2 1.3669868337134843 4.734123341094799 2.244425357228137
1 3.6525645229017387 8.386687863996539 4.379504885177773
1 0.7521484342690612 9.1388362982656 3.8041472745597087
3 0.5089928267687552 9.647829125034356 2.149862758474408
3 2.87668816228389 12.524517287318247 1.788756389245469
3 1.317435450973757 13.841952738292004 3.128479156333875
3 0.14871480903226728 13.990667547324271 1.8220889472550619
