32 0.8223133112883374 0.8223133112883374 1.8099910976077895
530 3.1010070852738405 3.923320396562178 5.518816156279044
18 0.6453635035437344 4.5686839001059125 2.3963004834156925
782 1.6060635048120984 6.174747404918011 2.430668907730517
441 0.16697360566128025 6.341721010579291 6.577622028090212
430 2.5600517748374148 8.901772785416705 1.0875037466416704
701 0.3163699390230883 9.218142724439794 4.8577413139090595
760 0.18219317937963672 9.40033590381943 5.79894861310548
30 0.3037034076730635 9.704039311492494 2.0572837657004968
502 0.053416668127020145 9.757455979619515 3.881807304854359
611 1.6897076253941097 11.447163605013625 4.434094247714721
31 0.06208877882392719 11.509252383837552 1.9087328878445518
356 1.0707536860792968 12.580006069916848 2.4992927731306223
15 0.18406724397682472 12.764073313893674 3.1323388418137936
443 0.519494537667308 13.283567851560981 2.423601924557381
488 0.21442963041245838 13.49799748197344 2.3707049064874193
75 1.2075462295484403 14.70554371152188 1.6635487423786168
793 0.8180527727643192 15.5235964842862 1.7958425305160157
228 0.10301958801147613 15.626616072297676 0.5269743003848477
151 0.5603074267542276 16.186923499051904 3.2798370412045417
782 0.8683214710025091 17.055244970054414 3.4582116174328617
94 0.23833875970014823 17.293583729754562 3.2707230276320756
966 0.29611290827263625 17.5896966380272 0.6214129701030954
431 0.143154207939025 17.732850845966222 1.756884287021783
501 0.11283601038171576 17.84568685634794 1.848202025452652
452 2.0107617460649663 19.856448602412904 0.42881977027947327
711 0.30774332308432073 20.164191925497224 0.7096332406938366
478 0.5472299685742744 20.7114218940715 2.849157625380122
785 1.9190766606956933 22.630498554767193 1.1911143649538243
173 0.012886604603574273 22.64338515937077 3.679741529450198
150 1.0191047818367451 23.662489941207514 0.7466475569012989
191 0.7030884563696638 24.365578397577178 2.4422968986473528
298 0.444336886041172 24.80991528361835 3.9166508892449423
314 0.7908942350489745 25.600809518667322 0.6531627117057932
46 3.4587550985414657 29.05956461720879 1.7111626620579865
96 1.0173462314305015 30.07691084863929 8.234660499948744
229 0.3652572181813179 30.442168066820606 1.2831153169006988
192 1.3839820182374933 31.8261500850581 2.3614529113936396
60 3.3382728136087607 35.16442289866686 2.168994498264362
687 1.0880062345758383 36.25242913324269 2.4239701071791178
657 0.6697858595450132 36.92221499278771 4.536129525240591
281 1.2664958980622392 38.18871089084995 3.687107495245586
594 0.07452535114052264 38.26323624199047 2.1314556324040117
306 0.19605288396590828 38.459289125956374 2.5039926032308517
832 0.46489308728180145 38.924182213238176 2.1486826456349206
90 0.8912582151971565 39.81544042843533 1.7622358183066746
478 0.026748123789176726 39.842188552224506 3.1466212596641197
906 0.09305287692424367 39.93524142914875 5.044955086573549
100 0.5214919969262569 40.45673342607501 4.475284508715308
37 0.8558316403088294 41.31256506638384 1.4978270467792338
616 0.8898361866295809 42.20240125301342 1.8754562228370226
727 1.2637648024121542 43.466166055425575 9.184321774490938
751 0.05529665251424684 43.52146270793982 6.948906875359896
584 0.0350611979249739 43.55652390586479 1.6634241389145483
476 1.3066936728010567 44.863217578665854 2.3168427137484477
889 0.6782490267290194 45.541466605394874 0.48308217651459595
351 2.9800208333372313 48.5214874387321 3.8379732124515424
426 0.42080086627028473 48.942288305002386 3.875311617591059
955 0.005748352085865841 48.94803665708825 0.8398047394612413
297 0.19369517144406043 49.141731828532315 2.320897144915092
790 0.295829413511676 49.43756124204399 4.452131297800358
193 1.2889390969125243 50.72650033895651 3.8746118530450318
384 0.03105699002975037 50.757557328986266 2.7884715679081546
677 3.2506445251361393 54.008201854122404 1.8417176441116019
715 1.5566468143122087 55.564848668434614 1.8437734885534276
211 0.1735372393205185 55.73838590775513 2.7886485661759477
513 1.5225121616880346 57.260898069443165 3.5201745889851
584 2.230000451254057 59.49089852069722 2.7081562970511532
508 0.21357798286319027 59.704476503560414 1.995748475892273
777 3.472535929960093 63.17701243352051 6.156925456671672
599 0.7265689032170142 63.903581336737524 1.2357501374856272
346 0.02136173865683233 63.92494307539435 4.906124343693238
3 3.8474596138389976 67.77240268923335 4.171998331136059
463 0.10960344272633345 67.88200613195968 4.186435876678055
821 0.02764257355340001 67.90964870551308 1.8120040278703615
889 0.9310446416328353 68.84069334714592 7.4491839796105435
771 0.7658002078003551 69.60649355494627 0.8853469186874219
974 0.02590343011345097 69.63239698505971 4.112034666360815
370 0.29542936582357077 69.92782635088328 4.569082781267023
511 2.1526921973222817 72.08051854820556 4.412635994396956
979 1.6123355744133478 73.69285412261891 0.9092905793841766
405 1.3587906623551158 75.05164478497403 1.373793523407473
668 1.2868583134501497 76.33850309842418 4.5337596123829895
54 0.37880462045754226 76.71730771888173 1.3176559594986381
961 1.927174858457589 78.64448257733932 3.216987357990549
367 0.4356318772248027 79.08011445456413 1.3553548193593308
121 3.3500023199780187 82.43011677454214 3.820206406105167
536 0.7822932769680073 83.21241005151015 3.84526265053488
693 0.9161013182130481 84.1285113697232 3.4052628855992655
429 0.7337802499407126 84.8622916196639 2.893553253784108
179 0.3412292574593586 85.20352087712327 3.8904624219790365
41 2.8789462403928257 88.08246711751609 3.82277116416346
636 0.05104684907848793 88.13351396659458 3.0354789852102493
232 4.223041852600215 92.3565558191948 5.946129815889802
880 0.7360625459966342 93.09261836519143 5.232035643604513
135 0.590403385508993 93.68302175070042 0.7132737282137269
494 0.4177924398335869 94.10081419053401 2.193841041794806
839 2.0588449750809548 96.15965916561497 1.735526490324383
182 0.3053856590236446 96.46504482463861 3.954057644835804
708 0.31894645101640795 96.78399127565501 1.9412387256794763
556 2.724187696895493 99.50817897255051 5.825043617607678
394 6.194295992993725 105.70247496554424 2.38522274741997
577 13.545304083044643 119.24777904858888 1.6557076462006974
120 3.4616068304242504 122.70938587901313 2.3733071295786115
329 4.469132372557253 127.17851825157038 2.2202660737736384
529 2.623411063131261 129.80192931470165 0.7185520673796912
599 7.230398368956063 137.0323276836577 3.8194424099306046
214 29.684468856010803 166.7167965396685 4.299573567119332
291 7.651011792718006 174.36780833238652 2.1708568410337206
195 4.4571195884142485 178.82492792080077 1.2124691352468338
159 20.010141630928576 198.83506955172936 1.784656270825779
119 3.4997501741655417 202.3348197258949 1.831747045982946
353 1.7954728108031817 204.13029253669808 2.893905673873347
327 13.674509948381994 217.80480248508007 2.872329216237056
29 17.80877731363802 235.6135797987181 3.1360536565895556
212 26.70339666985232 262.31697646857043 2.867805712018999
186 8.62587568500983 270.94285215358025 1.5838616119980644
211 6.470871714023282 277.41372386760355 2.9592313477306194
540 2.962389510550603 280.3761133781542 1.5294209725396768
866 0.2502032468680564 280.62631662502224 5.237759151637698
272 16.82678442557118 297.45310105059343 2.125309341208083
337 31.67554131132203 329.12864236191547 3.9405350140005613
693 12.222976583826794 341.35161894574225 5.132314073417694
178 7.753030112451766 349.104649058194 4.512107600328714
600 19.658326510812618 368.76297556900664 2.527401382358291
565 2.3661435318632575 371.1291191008699 2.7303832516915016
70 4.914047460998787 376.0431665618687 2.501619713469161
571 1.2984532434237792 377.34161980529245 1.047064702771647
555 4.298733681907384 381.64035348719983 4.036089589878287
925 2.0540367365384333 383.69439022373825 1.2121300043126202
219 32.405430723607004 416.0998209473453 0.9415590739823424
797 7.140623550740668 423.24044449808594 2.538377784034296
749 3.5750182638289734 426.8154627619149 2.86127343526027
786 16.750206281172506 443.5656690430874 3.1015623199963986
277 35.675236014872475 479.2409050579599 2.228447680386247
514 0.19242466807333303 479.4333297260332 3.8970294067545286
403 6.38711398653332 485.82044371256654 0.5288959146907847
429 45.08330611570745 530.903749828274 2.768002130065693
422 1.8940432845314672 532.7977931128055 2.892779153620875
689 1.7823268779025092 534.580119990708 4.124215680829244
84 38.715775435364336 573.2958954260723 3.371576472895284
996 6.714697068512843 580.0105924945851 5.558339295213667
146 37.03300897782566 617.0436014724107 1.623855845398631
769 7.996289157850967 625.0398906302617 3.316635968020562
303 18.899671576540836 643.9395622068025 2.9033973340393637
777 11.801182756207517 655.74074496301 7.5454460952089395
350 1.4581981015982697 657.1989430646082 1.815679096004334
231 1.3627341065331793 658.5616771711414 3.096317812943909
905 4.394189020805582 662.9558661919469 4.039080789428362
528 3.1631654937935787 666.1190316857405 3.006754114453739
489 13.634704512104744 679.7537361978452 2.8356457402189283
358 16.49503695809702 696.2487731559422 5.509944216053716
738 4.410678715973587 700.6594518719158 1.1489776233189648
854 0.8707512478298087 701.5302031197457 2.840514047983764
890 6.084423552174043 707.6146266719197 3.451884518185232
555 4.323280345301124 711.9379070172208 1.1373738612145237
939 24.025068377495625 735.9629753947164 2.6596187367375737
12 18.403909414402058 754.3668848091185 0.9770799836675588
753 8.885163742868038 763.2520485519865 5.435365569704165
959 5.637172635094142 768.8892211870806 3.5446021517185455
28 16.726635714898247 785.6158569019789 5.992260016425799
886 57.330659080386425 842.9465159823653 3.707161516056321
757 1.7401583285157582 844.6866743108811 1.0111693102448196
460 1.5313369178861858 846.2180112287673 1.7263639631915604
633 19.068695807433805 865.286707036201 3.3233354396065256
161 14.337564535269518 879.6242715714706 4.713632778334233
979 8.88087930177536 888.505150873246 1.4836219351288833
769 0.6250071647225617 889.1301580379685 0.819429235564374
536 3.3732637675261516 892.5034218054947 1.611062289917115
838 22.164073740229995 914.6674955457247 1.9220707367329273
479 2.2140698000306243 916.8815653457553 1.1598342713573055
284 1.448793100946576 918.3303584467019 4.387195557416538
510 10.396756538102078 928.727114984804 5.314813683222141
951 60.76459761250086 989.4917125973049 3.337590630156024
278 10.070887920812247 999.562600518117 2.073028510832232
152 6.287250333449691 1005.8498508515668 1.7877167942068959
297 3.7989301998361857 1009.6487810514029 1.5090174660200484
356 8.422737588397462 1018.0715186398004 0.609897391251549
143 8.526952456379709 1026.59847109618 6.872757948768919
373 14.966485186846985 1041.564956283027 3.984578394278074
791 5.758233309632464 1047.3231895926594 3.479879390024019
18 2.547638671534253 1049.8708282641937 1.9079873840161732
884 1.6775356381992015 1051.548363902393 2.667122510836343
269 9.468374852921134 1061.0167387553142 2.265553088567977
783 4.316327237590941 1065.3330659929052 3.6238923512966115
615 22.233139791836262 1087.5662057847414 1.7245690998109953
470 1.5827488835462658 1089.1489546682876 1.2135810002638487
196 19.60773384521775 1108.7566885135054 2.9862100336980175
948 8.476511943007754 1117.2332004565133 2.08015155105832
285 4.458719925703738 1121.691920382217 2.515478502888496
656 5.810053918508125 1127.5019743007251 4.216244625670302
684 6.284283329931312 1133.7862576306563 4.1022444097702575
84 5.164878398872706 1138.9511360295292 2.2822055953916642
603 21.497086736575692 1160.448222766105 2.6124127436347653
55 2.9588222092219567 1163.407044975327 2.041921349685148
131 3.1809210860943846 1166.5879660614214 1.2580059640608967
543 0.3605429990744266 1166.9485090604958 2.3936071424427
21 3.259461734241161 1170.2079707947369 3.6278828519474926
271 13.43265074718275 1183.6406215419197 3.830305251891623
556 3.5627885946356317 1187.2034101365552 5.263782414803652
164 0.038940619784814556 1187.24235075634 4.069741590224844
59 0.4943107711671612 1187.7366615275073 1.123087056305681
581 0.12180483249141197 1187.8584663599986 4.669299514644297
904 0.1758811395877317 1188.0343474995864 0.240851315970161
382 0.25604413950128385 1188.2903916390876 3.4774250491726155
367 1.626833408916295 1189.917225048004 3.1490875374631786
402 0.6161840513601667 1190.5334090993642 1.1192565267599992
873 1.8781116812733605 1192.4115207806376 5.122736948923975
281 0.10905842083184872 1192.5205792014694 7.699313268203775
23 0.5062926848592869 1193.0268718863288 8.370350702890908
101 0.2447413935123169 1193.2716132798412 2.1942551463509616
215 0.9321441189122531 1194.2037573987534 1.199263536970939
897 0.3714155337202826 1194.5751729324736 11.610729249324066
624 1.8114272321591867 1196.3866001646327 3.574814489018389
961 4.02018199725182 1200.4067821618844 6.928228035317808
408 0.5170864923651594 1200.9238686542496 1.7449040405451588
368 0.5223557095882387 1201.446224363838 1.3654644536994227
918 0.04226983741290584 1201.488494201251 1.8219598483586588
957 0.30442821621054017 1201.7929224174613 5.294615905005598
898 0.35568565263923607 1202.1486080701006 3.478288196001089
584 1.1119567057583508 1203.260564775859 2.413867617867602
119 0.14596179631652387 1203.4065265721754 2.60054088052963
960 0.6140619933987996 1204.0205885655741 2.9833274521664017
651 1.0759961050327853 1205.096584670607 2.620770400781947
347 0.20647574705506486 1205.303060417662 3.52712409239803
790 0.16761820688660856 1205.4706786245486 6.860459013716904
85 1.0102879219257157 1206.4809665464743 1.6913543130119824
22 4.835652787043571 1211.3166193335178 3.0097995874072323
763 0.5144005745635694 1211.8310199080813 2.9162730221006505
815 0.12286450077276859 1211.953884408854 1.1364674171338105
371 0.5031869631669659 1212.457071372021 7.664729674748778
828 0.370298919257482 1212.8273702912784 1.2570860097049645
753 0.6416023109089194 1213.4689726021873 2.710420685149688
157 3.029420691876871 1216.498393294064 1.2269544542476294
774 0.6096219190218974 1217.108015213086 6.737156397293674
99 0.1698811741568771 1217.277896387243 6.9074647680027255
202 0.0180925719393857 1217.2959889591823 2.6871597562395086
707 0.26414353281932373 1217.5601324920017 1.3082703340745172
754 0.20333905633448898 1217.7634715483362 3.7037884234373877
742 2.323863516969556 1220.0873350653058 3.174864142103231
17 1.7437314687050887 1221.831066534011 2.6234400906386135
855 0.09549767664362793 1221.9265642106545 3.732989357146505
223 0.09244719133388252 1222.0190114019883 5.014665996406359
989 1.932753176688812 1223.951764578677 1.9543121928902993
780 0.9465979636858124 1224.898362542363 4.338363548014776
144 0.48722751702730666 1225.3855900593903 1.5980871736614042
486 1.0356862193507161 1226.421276278741 1.7606517655736804
101 1.8100115832761994 1228.2312878620173 2.7421338988896933
505 0.3708991879966096 1228.602187050014 3.976694034017593
217 0.47979829626579296 1229.0819853462797 1.33489010592915
321 0.1454095921384543 1229.2273949384182 2.1973083893574556
995 0.8827188691112244 1230.1101138075294 4.044461311109798
589 0.24348894693955975 1230.353602754469 3.0150176484040543
750 1.2852404606185366 1231.6388432150875 2.62892674671745
652 1.7873466346593623 1233.4261898497468 4.173784083454639
163 0.49239013210336874 1233.9185799818501 2.349693330971215
833 0.7315741141431188 1234.6501540959932 1.8086954400374804
849 0.23788633445525156 1234.8880404304484 1.166152006897069
750 0.27542514371306936 1235.1634655741616 4.477921086811957
504 0.09672591124710736 1235.2601914854088 3.3756895370875064
90 0.6359835192073137 1235.896175004616 3.7219153651534644
977 6.7839211489860185 1242.680096153602 4.104149952331501
630 0.1557126003924697 1242.8358087539946 2.815020601200976
633 1.7797488729439503 1244.6155576269384 2.51550151390591
236 2.4617209996224756 1247.0772786265609 2.984371002554292
338 0.6720300317473086 1247.749308658308 2.5543502054298934
295 1.2803333363813525 1249.0296419946894 4.867810546327066
515 0.05232897346766555 1249.081970968157 2.6468248682758944
275 0.17278466638559065 1249.2547556345426 3.508995934599883
398 2.402667090887905 1251.6574227254305 1.227392443311406
6 0.6333236191219057 1252.2907463445524 4.021997181772505
603 1.577181560830748 1253.867927905383 2.0989549603548037
216 0.8532678148410121 1254.7211957202242 2.8720572328805685
911 0.6832220668612355 1255.4044177870853 1.782315489978627
56 0.8229834798626056 1256.227401266948 2.3279753315067153
699 0.48993410255718917 1256.7173353695052 2.1202001486147677
932 0.42279804401408216 1257.1401334135194 3.1905832499609112
971 4.092561999475592 1261.2326954129949 2.7630779518458994
745 3.6315034353582853 1264.8641988483532 2.7458019070886075
82 1.1446107060678619 1266.008809554421 1.3982533269928843
570 0.0032118478807105113 1266.0120214023018 1.4045025035353138
831 0.26587337970385677 1266.2778947820057 3.13979808114028
467 0.19297495511010604 1266.4708697371157 2.153483383756412
607 0.45868108000798175 1266.9295508171238 2.6973903398707844
342 0.8043027059838936 1267.7338535231077 1.714147681396175
28 1.1710474146597498 1268.9049009377675 3.605937740087003
11 0.1964032540307094 1269.1013041917981 1.7547480835959801
249 1.9910418800590302 1271.0923460718573 1.75293326764919
10 0.12867042801474135 1271.221016499872 1.3399776833086228
757 0.018975283701296548 1271.2399917835733 1.4296378140826111
286 0.4432508678424084 1271.6832426514156 1.9345819272314755
501 0.07085075858802234 1271.7540934100036 1.5937727946802784
16 0.44893453869298594 1272.2030279486967 3.2603781741745896
242 1.666407762060064 1273.8694357107568 5.218241735423506
449 0.3529468339586957 1274.2223825447154 1.7864275099577118
704 0.653547128467042 1274.8759296731826 2.811314189293891
973 0.65038530632571 1275.5263149795082 3.3131697318007096
79 0.46685739532927867 1275.9931723748375 3.3585401500303758
661 0.1566944895635376 1276.149866864401 3.0525976010990505
727 0.47399463002135545 1276.6238614944223 2.173998462455756
263 7.6476586899849455 1284.271520184407 1.6582294730339033
921 11.0287008979141 1295.3002210823213 2.340705994090178
213 2.2400177120262583 1297.5402387943475 1.3339980432574106
16 15.21599946619328 1312.7562382605408 2.5900033474541058
375 4.361584133193643 1317.1178223937345 5.074578511129502
796 1.17729576822603 1318.2951181619605 2.9453023977226
775 0.057386933637895085 1318.3525050955984 2.8559586933916283
932 7.695778330044707 1326.0482834256431 4.605215722693068
835 2.261545539598562 1328.3098289652416 4.419711804053238
33 6.959703002602831 1335.2695319678444 7.018777497406187
828 3.552496567865813 1338.8220285357102 2.9829004432733877
785 3.621638978971161 1342.4436675146812 4.3491106952664325
392 23.920568062874167 1366.3642355775555 1.181837975195003
553 9.674044152608545 1376.038279730164 2.6438608889531525
27 8.708778154764701 1384.7470578849288 3.3156990410496334
608 7.25997711089531 1392.0070349958241 3.8592925222562604
358 2.231111982910259 1394.2381469787344 0.7937497384517072
680 8.875819639910622 1403.113966618645 1.2741493275377829
171 19.961856655116296 1423.0758232737612 2.5663975297031594
509 5.23737379997309 1428.3131970737343 7.831612420369965
503 5.003367276926083 1433.3165643506604 3.628185013404333
446 20.430683943564837 1453.7472482942253 1.6056152725320259
766 11.606444973406823 1465.353693267632 2.0823354553414237
793 6.017406432668274 1471.3710997003002 4.952956237825658
987 0.07100168122685718 1471.442101381527 2.203948658275984
303 8.920828679094697 1480.3629300606217 3.511141980269049
745 4.962410972059767 1485.3253410326815 4.145230395126853
201 45.53660605121359 1530.861947083895 2.558275627745877
304 31.41160947795736 1562.2735565618525 1.1747279952048495
619 0.5879730444290072 1562.8615296062815 5.3459820590183265
186 9.649334159048264 1572.5108637653298 2.810314997782598
508 4.077315019682402 1576.5881787850121 5.758112011133229
316 9.474016418826338 1586.0621952038384 5.947756343028204
45 1.6965145439519682 1587.7587097477904 2.170073170735229
552 1.2996630713483337 1589.0583728191386 1.1570140429131295
792 9.669267190967062 1598.7276400101057 3.458199405786117
527 30.266533248790402 1628.9941732588961 1.332730820471124
341 0.8599140075267275 1629.8540872664228 2.8911642152588226
323 0.04713785403927171 1629.901225120462 1.6216182753946653
373 17.65107010774514 1647.5522952282072 2.8469992828061113
754 3.3956040054542065 1650.9478992336615 3.7135476758029666
840 16.268268675160847 1667.2161679088224 2.821764891394056
909 10.6635806243896 1677.879748533212 2.087889012958231
323 63.53001501458833 1741.4097635478004 0.9259883835149681
675 4.842667056860293 1746.2524306046607 1.4901985446858208
412 1.5650245722405298 1747.8174551769011 2.7543609315594275
434 16.642447849496545 1764.4599030263978 1.3396548529246524
404 11.067774701875662 1775.5276777282734 3.9963587249494634
868 4.468826930365585 1779.996504658639 3.63134130919702
182 0.29324386604168745 1780.2897485246806 5.407096245178497
597 7.714391822145154 1788.0041403468258 5.263540081100665
119 17.911426029482083 1805.9155663763079 3.6007875949465253
493 9.170331040910666 1815.0858974172186 2.579830710007143
696 21.552285302376912 1836.6381827195955 2.0941318250777523
612 0.7367283081840967 1837.3749110277797 3.350406708450345
953 0.6771165807493268 1838.052027608529 3.770392068992806
94 17.499365808429033 1855.551393416958 3.053656379526826
448 0.4799518523636632 1856.0313452693217 3.091690203892802
107 0.13287848167636526 1856.1642237509982 0.7889947727865622
317 9.97306457808999 1866.1372883290883 2.839041451784138
797 11.6998945718227 1877.8371829009109 2.931050985905604
58 5.62268986441865 1883.4598727653295 7.07765493614452
211 5.194705207938445 1888.6545779732678 3.5391009851182638
400 16.356151702284297 1905.010729675552 2.9950593062482818
645 5.954303248483148 1910.9650329240353 2.8220154877937405
396 11.811669299480856 1922.7767022235162 4.324030717993948
601 3.736398107828119 1926.5131003313443 8.178320374133278
152 21.2865522127068 1947.799652544051 4.1829070058788105
308 7.829693117345223 1955.6293456613962 0.7304454694943355
186 3.87420975649275 1959.503555417889 4.115497501547246
256 4.422802557252885 1963.9263579751419 3.723967354231271
504 4.28927978066762 1968.2156377558094 4.7968134196783385
920 0.36283158612015803 1968.5784693419296 4.2939377760856665
805 3.3496321191326537 1971.9281014610622 2.648609355755263
712 6.5792606452005575 1978.5073621062627 0.990495722634592
155 5.9052465699596155 1984.4126086762224 1.1160416725977136
914 14.954704131387956 1999.3673128076102 3.373362351481232
211 45.31865678526949 2044.6859695928797 2.4466708638054895
41 21.506407941800177 2066.19237753468 1.2544272637049694
517 6.045689481703129 2072.238067016383 2.6190697921136277
99 5.932547037930447 2078.1706140543133 2.7320084456347047
82 8.497676615218744 2086.668290669532 3.5482952328604527
868 4.773355890949032 2091.441646560481 2.8331575633102064
912 11.355288591100823 2102.7969351515817 3.099165142552933
328 11.445532210045084 2114.242467361627 5.272758823561438
725 11.8501429265974 2126.0926102882245 4.677798490020164
184 1.4393971449474263 2127.532007433172 6.856051126742099
721 5.203816688819676 2132.7358241219918 3.7278798833228284
273 10.071002572936212 2142.806826694928 0.9703940097026609
738 1.2751285355993698 2144.0819552305275 3.2305697520433805
322 0.7103577257722291 2144.7923129562996 2.5168145507784043
465 7.692793665166908 2152.4851066214665 0.5343258065231592
24 6.510458605908297 2158.9955652273748 5.162636182695407
334 26.369991753649266 2185.365556981024 3.2143362686813366
252 11.694881060068978 2197.0604380410928 2.198557470318957
360 5.41445913052236 2202.4748971716153 6.262368700661559
42 17.134443962377237 2219.6093411339925 2.5270139786257166
947 7.359853555672466 2226.969194689665 3.653104787960494
788 1.208983449773616 2228.178178139439 1.5145295738813997
701 8.543080937103433 2236.721259076542 4.614474254505405
53 0.31254599004163075 2237.0338050665837 1.545375774947304
33 2.7453159500536146 2239.7791210166374 1.1311230701093418
891 0.07415455997998212 2239.8532755766173 3.2437078796005396
17 0.303221158957633 2240.156496735575 1.5782915958709478
744 2.743604311478717 2242.9001010470533 4.433294358401004
831 0.3661347819812532 2243.2662358290345 3.2617607161850586
881 0.2108999252094605 2243.477135754244 1.3742412922529434
237 5.646238698064891 2249.123374452309 4.672727338834005
165 0.06632662797808082 2249.189701080287 0.8850187444352078
516 0.5660119459509497 2249.7557130262376 5.039657617454996
817 2.9774757564420935 2252.7331887826795 1.544399760603083
258 1.5128046213519994 2254.2459934040317 1.4344170594264656
655 0.02433135721604561 2254.2703247612476 2.8638098329385824
241 0.1489880882563752 2254.419312849504 5.036915110421874
467 0.2134484328921777 2254.632761282396 3.0263986420851072
860 0.817123423051753 2255.449884705448 3.7882403383535683
100 0.6404507752033641 2256.0903354806514 2.7847295813837953
748 0.46199459440313945 2256.5523300750547 2.7044546211826352
400 1.632728613390375 2258.185058688445 6.646013987715329
469 1.3248993306612504 2259.5099580191063 2.833840356526732
688 3.5011026921939536 2263.0110607113 2.767100335679311
97 2.0745686652293154 2265.0856293765296 0.9930686360509312
690 0.7092523212344463 2265.794881697764 1.8368361714144181
792 0.003940467625923205 2265.79882216539 5.493829248412611
970 0.8002885191666458 2266.5991106845568 2.611250993233955
224 0.9422436768097381 2267.5413543613663 4.623473625636739
32 1.4081612723362555 2268.9495156337025 10.193902735908589
857 0.7879546557847261 2269.737470289487 6.413791127093832
62 1.3197620721788512 2271.057232361666 1.1383907680270666
362 0.4251828537613254 2271.4824152154274 2.771276310964441
857 1.0334802469156232 2272.515895462343 2.083332836728303
295 2.0918855017461584 2274.607780964089 3.6236860302139284
873 0.5458664512497711 2275.153647415339 2.2173275854276944
617 0.618704965598131 2275.7723523809373 2.284636364807204
349 2.7319205109174853 2278.5042728918547 3.0928491482968123
148 0.4769230111267982 2278.9811959029817 3.270138258891352
644 0.12603949572463735 2279.1072353987065 7.330170450087018
192 1.0934343673546962 2280.2006697660613 2.6228934125747694
311 0.3540509996749906 2280.5547207657364 8.249088580818157
937 1.8276826562571105 2282.3824034219933 2.43620006075033
686 2.9337729849720473 2285.3161764069655 3.1383395111349945
795 0.04204312162299711 2285.3582195285885 2.749958869732593
186 2.4708819982156354 2287.829101526804 1.4870342586919982
271 2.536771310550496 2290.365872837355 2.721676215967335
592 1.4096980291352768 2291.77557086649 4.710464084197776
812 0.32458059021652996 2292.1001514567065 1.9561803648878393
297 0.1235109295113786 2292.2236623862177 1.260440409588533
117 0.7009019455671136 2292.924564331785 2.9278630057033697
706 0.6566952332671947 2293.5812595650523 2.980358834184058
113 0.28165477691988583 2293.862914341972 4.312894388531912
998 0.8960252124854055 2294.7589395544574 3.640986533717866
682 2.2882073148527993 2297.0471468693104 4.694051320299855
420 0.012959213126384289 2297.060106082437 1.533002268192574
449 1.2610657546094008 2298.321171837046 2.488226813617164
586 0.5476729694773432 2298.8688448065236 4.135903945520731
401 0.15468302461274624 2299.0235278311366 2.1956795319797857
868 1.5077445410641643 2300.531272372201 2.100334505708888
561 0.045077578469539 2300.57634995067 2.771933731003298
344 2.8604158402375677 2303.436765790908 3.250940269046295
522 3.9599554682534377 2307.3967212591615 4.529392560982575
778 1.5398788304789885 2308.9366000896407 2.128080272553834
534 0.7382459645760305 2309.6748460542167 1.024029232929471
196 0.7455501926082132 2310.420396246825 1.8480345601302093
398 0.2874535633447424 2310.7078498101696 3.4234135256402753
825 1.9691927469705768 2312.6770425571403 5.062248579215163
522 0.5960416443581703 2313.2730842014985 2.9113060492512615
821 0.12979155124411165 2313.4028757527426 1.180313024844366
397 1.0825013272202553 2314.4853770799627 3.171671923692971
135 4.114137288612486 2318.5995143685755 1.7576443278946488
280 1.0570257041552682 2319.656540072731 2.0173700264981616
530 0.008144264899654188 2319.6646843376307 1.756330577586505
813 0.09563738677089385 2319.7603217244014 4.803247687416165
645 0.3519527730574252 2320.1122744974587 5.8959486447921075
178 0.5088738749315148 2320.62114837239 1.0416368053043017
817 0.47181817427822914 2321.0929665466683 2.683965555525078
828 0.6031278080118744 2321.69609435468 2.1000741974040493
503 0.12069431737730943 2321.8167886720576 1.3899600651416728
231 0.8752399580728298 2322.6920286301306 5.155834051892304
13 0.8590083150648201 2323.5510369451954 5.009994927132715
275 1.7368647140435154 2325.2879016592387 5.73699122914077
358 0.13664561463633226 2325.424547273875 1.6696839401525436
130 0.8678445515751453 2326.29239182545 5.741764813572807
902 0.1359628601970953 2326.4283546856473 3.3813478031521194
113 0.31306165382214096 2326.741416339469 1.5319676341820077
29 0.3748017344427438 2327.116218073912 1.71392511469646
700 0.3812305372459576 2327.497448611158 2.3887921468544344
994 0.01442999613837942 2327.5118786072962 1.554445005867832
253 0.24875998343317773 2327.7606385907293 4.467203708573245
335 1.516689555301086 2329.2773281460304 3.6679620573123852
424 1.011208657420309 2330.288536803451 5.448413071158925
994 0.2679589545707517 2330.5564957580214 3.9798366752555925
353 0.1095889270188258 2330.66608468504 4.929121464455945
779 0.8106336291591797 2331.4767183141994 1.7335829632855584
451 2.618122077389681 2334.094840391589 3.962988325363118
427 0.06897611008876942 2334.163816501678 1.9258139347677266
634 0.916353694486861 2335.080170196165 3.409266799957564
628 0.15031654690874954 2335.230486743074 1.0880733658421244
793 0.40608629856118134 2335.636573041635 5.498581988905418
939 1.275220445029941 2336.911793486665 1.4490501643697142
665 0.043168201284429046 2336.9549616879494 2.0325928767481662
68 19.51301940744318 2356.4679810953926 3.6259870646270764
654 9.39716813660633 2365.865149231999 4.306476980973356
745 12.74301172896666 2378.608160960966 1.9337245225083866
361 6.452660577405358 2385.0608215383713 1.031369547228023
192 4.1703029453174985 2389.2311244836887 2.212642642912722
234 7.121404147197122 2396.352528630886 3.379423775804295
197 8.478648185790412 2404.8311768166764 1.9821626337553477
767 10.83182042630758 2415.662997242984 1.5473195680883463
111 1.5661880796022476 2417.2291853225865 1.0742197144481453
825 20.45359114698542 2437.6827764695718 4.263161892114942
962 0.9522004876914771 2438.6349769572635 5.490958600618345
385 0.999369837124428 2439.634346794388 1.9692653238320048
141 5.440547283340848 2445.074894077729 2.6091898502373794
422 5.882877783169947 2450.957771860899 0.9603605011963335
908 10.934309746708017 2461.892081607607 2.6542106324360604
521 4.8930403348504505 2466.7851219424574 2.4380700012384904
144 3.2590552755384374 2470.0441772179956 1.9509294170176406
825 2.2032960369438745 2472.2474732549395 6.779877203465471
213 25.41146734449044 2497.65894059943 3.0915949451722384
318 2.0960691677488392 2499.7550097671788 1.4188989751323664
149 1.9151373401627902 2501.6701471073416 2.01894334594176
250 17.57820300448376 2519.2483501118254 3.8048589656521288
471 7.098262765273969 2526.3466128770992 3.348161382026266
562 7.031780867276818 2533.378393744376 1.4161971912493065
10 3.9309604392404776 2537.3093541836165 1.9252630689056627
140 12.551064725136058 2549.8604189087528 9.579677685848006
678 14.181833052786562 2564.0422519615395 3.5221567445612902
410 0.7858452922602759 2564.8280972537996 1.184139787097241
538 19.174405740461136 2584.002502994261 3.2976308332434816
956 13.364901859183945 2597.367404853445 7.250564859903449
133 4.242492538023215 2601.609897391468 6.542698633673314
163 5.966958421876485 2607.5768558133445 3.8283891918741455
475 22.485234994493965 2630.0620908078386 3.6920088954349812
799 4.770499421453205 2634.832590229292 2.9052974653990598
141 14.598981748812061 2649.431571978104 2.1729700358547275
188 2.160434855903315 2651.5920068340074 6.395377320211287
98 3.055174721526572 2654.647181555534 4.407573875384056
298 8.993168673518625 2663.6403502290527 2.9069282363642928
570 4.384870611135284 2668.025220840188 1.903847843397035
913 14.435288377646174 2682.460509217834 2.7287147744510407
401 1.4561428729212245 2683.916652090755 4.247947536146681
846 4.542747672194882 2688.45939976295 1.8528817052429434
426 15.05525079771429 2703.5146505606644 2.3175561807371685
663 0.38250524545457076 2703.897155806119 2.3651323551501577
782 13.504217895881093 2717.401373702 3.358374271858449
469 2.8094858732196433 2720.2108595752197 5.159319311454919
672 2.073636162104346 2722.284495737324 2.1530145542141508
83 2.8108171339720096 2725.095312871296 3.038926748190921
852 6.072532215878587 2731.1678450871746 4.289435716297428
911 2.9822356492781577 2734.1500807364528 2.654491526434776
983 2.262370804739514 2736.4124515411922 1.022022359578039
924 9.225110674403764 2745.637562215596 5.258116809175448
371 10.868696806756684 2756.506259022353 2.3777322771648004
824 4.334695753422641 2760.8409547757756 1.1998415197822025
252 3.115157317646982 2763.9561120934227 4.278491115861792
512 5.757267244188452 2769.713379337611 2.193050025952927
415 12.264046457701612 2781.9774257953127 2.885006988589077
505 7.357131594736312 2789.334557390049 2.768374080107468
660 8.016034893076545 2797.350592283126 1.1815979085992758
857 4.168680735610032 2801.519273018736 3.7913599238812346
426 6.532844059213594 2808.0521170779493 4.041383538238518
895 4.632058953209304 2812.6841760311586 0.653627076424785
380 4.523969278706938 2817.2081453098654 4.509667129641315
856 0.7243065556525107 2817.932451865518 1.3876602603168786
969 6.315663617870328 2824.2481154833886 2.012664573236535
227 3.5847163562216866 2827.83283183961 4.501031141288102
958 3.0950787504991197 2830.927910590109 3.1487073868201376
164 2.389073509631315 2833.3169840997402 0.8022425236341407
661 10.578647482030984 2843.8956315817713 1.4004569701764418
435 27.981038074010502 2871.876669655782 2.4677774994479917
410 0.5457040714523543 2872.422373727234 1.020455199169597
286 1.8875201561149357 2874.309893883349 3.976345583593379
819 2.527389162966989 2876.8372830463163 2.8671673932741837
994 0.6708327270312147 2877.5081157733475 2.573746795920636
555 4.160660056048365 2881.668775829396 0.9950262322665071
887 26.047293684856776 2907.716069514253 1.4856576475732979
438 9.492327654621025 2917.208397168874 0.7063044739059539
448 16.130964699899156 2933.3393618687733 4.661046551443577
489 0.6534968019269044 2933.9928586707 1.2153977210975302
959 25.776134366655477 2959.768993037356 2.189326400029402
912 53.292112441836466 3013.061105479192 3.661817601147315
760 20.87119749116244 3033.9323029703546 0.9904674061504708
159 2.242409447602132 3036.174712417957 3.4923414708814082
356 39.153893203925136 3075.328605621882 2.113412602872552
405 7.893039162456759 3083.221644784339 6.7663586182226325
899 9.893954404169143 3093.115599188508 2.9894044886834537
777 9.637725708330919 3102.753324896839 3.6408401490104056
917 6.071902700282626 3108.8252275971213 4.031408834977348
967 0.10618232671084409 3108.9314099238322 2.0612476303733827
115 8.052861474722107 3116.9842713985545 4.511256063557703
198 0.41159345906003686 3117.3958648576145 1.1024022351155587
218 14.291116238104618 3131.686981095719 0.3947084522575724
545 22.37251128973897 3154.0594923854583 3.788939947214625
760 2.1570153393768696 3156.216507724835 1.20987193487835
285 6.573809271952714 3162.7903169967876 2.3038993754440895
905 9.82645984428089 3172.6167768410687 2.6229190230642994
166 26.052423113923812 3198.6691999549926 4.245058992401898
373 5.583851380456274 3204.2530513354486 1.0670666184665802
93 0.41317574481659014 3204.6662270802653 2.21011687324429
3 4.829331217042237 3209.4955582973075 5.8122981386638735
960 0.7190214317085877 3210.214579729016 2.11004632711402
49 2.492848381598278 3212.7074281106143 1.604161365753914
846 0.30014491650454644 3213.0075730271187 3.1550211968060844
747 0.3734181440357603 3213.3809911711546 1.991131262108607
184 2.2358541842027275 3215.6168453553573 2.1814523098337024
845 0.31974401779445627 3215.936589373152 2.0261989925465564
16 0.3054918862487484 3216.2420812594005 2.7910268425685887
627 0.11646517716411216 3216.3585464365647 3.239686432802964
209 0.036733817159482804 3216.395280253724 4.506304722561596
643 1.1247378182882537 3217.5200180720126 2.068268667242572
667 0.49509002678791564 3218.0151080988003 2.105730095622856
785 1.2983021237125711 3219.3134102225126 10.032150888692188
91 0.59792248963183 3219.9113327121445 1.9331619426851188
205 0.005770322366037826 3219.9171030345105 3.7547336198643473
895 2.17582895674402 3222.0929319912548 2.359956643028834
168 1.3089453980690846 3223.401877389324 3.571070489404273
2 0.0552660134994798 3223.4571434028235 1.143802855938758
85 0.3725039633053063 3223.829647366129 1.7776448034735992
297 0.32740305947042087 3224.157050425599 2.583128421305143
331 0.689196146642193 3224.8462465722414 2.2319242842684925
963 0.14918519380839534 3224.99543176605 3.4753960419402024
125 1.2847256998071204 3226.280157465857 4.02590616032225
426 1.3377705455159223 3227.617928011373 0.8077305989923083
390 4.055154038859518 3231.6730820502326 3.8877965779973085
608 1.542872670528095 3233.2159547207607 7.1044136565679565
399 0.4796460172088327 3233.6956007379695 3.0630605463758522
373 0.2933767510281159 3233.9889774889975 0.8713484250681265
131 0.3460554439674417 3234.335032932965 2.3804377918107016
202 0.41418852276820417 3234.7492214557333 2.987786669525983
76 0.3561006789609308 3235.1053221346942 2.468328442269045
902 0.8340466141200887 3235.939368748814 7.5179897957441115
961 0.5008076091823538 3236.4401763579963 2.4711504695798956
856 0.8145286066660524 3237.2547049646623 1.3771916338935486
804 0.29700659027553533 3237.551711554938 3.3296929222963216
287 0.9553408832158443 3238.5070524381536 0.47720117535085965
61 0.8265023850348122 3239.3335548231885 1.8115903093487322
726 0.338879023590432 3239.672433846779 8.545831213225442
674 0.8371904062759333 3240.509624253055 1.0816598729336044
66 0.9285372970272852 3241.438161550082 2.8722337760204093
144 1.122530635898566 3242.5606921859808 1.8784556421370304
433 0.4583468948458534 3243.0190390808266 1.506073642448209
135 0.6532290784122572 3243.6722681592387 6.920264993378074
749 0.0022561043703968687 3243.674524263609 1.289385128248118
683 1.4578349704244145 3245.132359234033 4.608182289886306
205 1.8986804121617837 3247.031039646195 4.177160591806816
91 0.5725182134230342 3247.603557859618 1.1738899820545146
845 1.6557645768085112 3249.2593224364264 1.627588122615752
445 0.7603104037495498 3250.0196328401757 3.003551721984986
167 0.2295540017841688 3250.2491868419597 2.666344353296968
68 2.818399852753076 3253.0675866947126 1.210423409674681
335 0.33271682191404256 3253.4003035166265 1.628511958116058
860 0.6498120955245352 3254.050115612151 2.1854486462347107
99 0.6675343061433666 3254.7176499182942 1.324755503353926
13 0.07809380475257793 3254.7957437230466 1.4466296157593104
592 0.24004053299655953 3255.0357842560434 2.6299770479570443
654 1.182704716082334 3256.2184889721257 4.15382258241449
189 1.0867479059754075 3257.305236878101 2.8199489445306107
866 1.3769124863231834 3258.6821493644243 3.2378605944241654
992 0.9787267521592489 3259.6608761165835 4.182229354027582
947 0.3270391294887518 3259.987915246072 1.0574137448155048
167 0.1704803236799886 3260.158395569752 2.11673746142264
400 0.6182353488304013 3260.776630918582 3.2787809207379626
814 0.40484284812547205 3261.1814737667078 2.0349369628446947
554 2.842115284585271 3264.023589051293 1.2172490312984001
676 0.3959357196576527 3264.419524770951 3.6351852104000018
379 2.380075757911073 3266.799600528862 7.074070226703903
876 0.01593274254218676 3266.815533271404 4.082598578501658
330 0.6286210309489056 3267.444154302353 1.2416352703854436
132 0.4581815815353286 3267.9023358838886 1.6454909642110627
907 2.0541909925192314 3269.9565268764077 6.220825171795889
235 0.6207938331177565 3270.5773207095253 1.6295480966850528
751 0.770912300870816 3271.348233010396 1.1978930825786132
744 3.0388975425032267 3274.387130552899 4.352949776049828
748 1.004503337421366 3275.3916338903205 1.8672679652465949
93 0.5118552265702246 3275.903489116891 3.313988685153451
436 0.04364007186520896 3275.947129188756 2.5279948185465657
828 0.2306655716323446 3276.1777947603887 1.6235165409659271
144 0.1115730534605962 3276.2893678138494 1.3247343008485042
30 0.367277269177052 3276.6566450830264 3.43804899563082
159 0.049455720031322765 3276.706100803058 0.9800802758632887
666 1.0486008677669292 3277.7547016708245 3.8415690366295427
340 2.467466496082395 3280.222168166907 2.1929215792288455
126 0.9000454786175179 3281.1222136455244 1.1384004746470573
914 1.2701383295633755 3282.392351975088 5.437301560752292
122 0.13169486656345836 3282.5240468416514 3.3229294358114947
341 1.2562554099233212 3283.7803022515745 2.1823388383285516
790 0.017049450360135384 3283.7973517019345 2.543691896088357
593 2.7706347346062707 3286.5679864365407 2.8545804274080027
682 0.0026128914497819773 3286.5705993279903 4.503524782852269
843 1.7106349985590859 3288.2812343265496 1.5035223027049844
558 0.3479690763081881 3288.629203402858 4.7944172481918885
522 0.31185366988013036 3288.941057072738 1.4708730223998878
366 0.9425749282709952 3289.883632001009 10.068917739273994
130 0.35913596787481394 3290.242767968884 3.2145008127011607
347 0.22727835595117193 3290.470046324835 5.3107083030764395
882 0.9430532232383252 3291.413099548073 0.9884156950986278
141 1.735900128566275 3293.1489996766395 1.8164255393056945
702 0.7256585525552346 3293.8746582291947 3.5829425197455196
346 1.1011120847813312 3294.9757703139758 1.1697755915971255
984 0.5666352176070283 3295.542405531583 6.7028827884923645
803 49.219237412557895 3344.761642944141 4.3047950488721884
575 3.756443969370269 3348.518086913511 0.4619894546411517
690 2.7457757692049007 3351.263862682716 2.4383155990126824
112 62.80769694405356 3414.0715596267696 1.6473333951199047
147 8.144168547490851 3422.2157281742607 3.0577949851211863
370 6.6136419518826575 3428.829370126143 5.838158264982292
452 34.38455283713542 3463.2139229632785 2.539658945551926
972 3.49331778800676 3466.707240751285 4.846169971549632
543 2.237549395713693 3468.944790146999 2.0525869472433387
692 2.9392706361555665 3471.8840607831544 0.613817735165879
461 41.583098014242175 3513.4671587973967 1.9700418350521707
781 1.3957022086997761 3514.8628610060964 3.4711739696318813
250 29.58867162157043 3544.451532627667 3.5669165698495258
359 18.232796316617655 3562.6843289442845 2.597487656511252
820 13.590785275822837 3576.2751142201073 2.044664830936319
561 5.708152520524998 3581.983266740632 4.0119861962380465
971 5.255218338991327 3587.2384850796234 2.122063078362353
829 10.867004159474456 3598.105489239098 1.8383668759004845
813 1.625754296159031 3599.731243535257 1.7088261454121492
635 35.61244148697533 3635.3436850222324 3.433123347062579
255 4.621320587559828 3639.965005609792 6.075152914068317
849 3.6474086890079525 3643.6124142988 1.3697746494797738
913 19.956541232567858 3663.568955531368 2.504097901396927
533 0.9430141591532364 3664.5119696905213 0.34668079441917643
471 0.09825274802829234 3664.6102224385495 3.3380083682485346
312 2.8196599927282344 3667.4298824312777 1.8126102231826198
699 7.955495431878051 3675.385377863156 5.847388057508123
182 8.278421656441342 3683.6637995195974 2.613039115098961
592 3.592575079258029 3687.2563745988555 1.5925213593469705
778 0.3001172892814645 3687.556491888137 2.0664624929170374
84 27.401809525149087 3714.958301413286 3.738962880654491
491 10.23618415911388 3725.1944855723996 4.746100365445379
40 4.013813551030178 3729.2082991234297 3.078361222765639
847 4.399857251975518 3733.608156375405 4.517460142096575
827 3.6543386489137344 3737.262495024319 2.5094794580152264
765 1.578163324003771 3738.840658348323 5.555671657843509
909 5.441183312290193 3744.2818416606133 7.455192242933493
340 0.08613782948465812 3744.367979490098 4.044416595617755
806 8.791469340176683 3753.159448830275 2.4584517296369794
247 2.8742498119529443 3756.0336986422276 6.451721753675679
877 0.9581636815599077 3756.9918623237877 3.0843549080961634
688 0.7435235619355651 3757.735385885723 8.810228574649011
439 3.8895181560729157 3761.624904041796 2.028093057092361
286 5.6780603830563825 3767.3029644248522 0.24271890232804083
119 8.33496018494342 3775.637924609796 2.448080805311777
340 0.8358924906197569 3776.4738171004155 0.9185815613532566
68 1.413879331343505 3777.887696431759 2.47131625793809
581 0.9527116029261271 3778.8404080346854 5.5156067241289275
676 28.72003063882555 3807.560438673511 1.9166303056949539
660 2.986057783862272 3810.546496457373 2.245021536961625
94 7.364094998998815 3817.910591456372 2.276508075557988
176 8.319152040522967 3826.229743496895 4.279359485758522
223 10.76310093349437 3836.9928444303896 1.40210514870848
164 64.30952915384611 3901.3023735842357 4.243094376529281
114 1.4349367207744805 3902.7373103050104 3.230104466973132
680 13.164383462683418 3915.901693767694 4.463789587334749
156 1.168549470691759 3917.0702432383855 1.1911410515978178
256 4.40543284503285 3921.4756760834184 6.068619206790192
42 0.36935923736316856 3921.845035320782 1.5119737448053496
991 25.464199994862998 3947.309235315645 1.865033076841064
256 19.241680093449062 3966.5509154090937 2.802561530295394
304 2.8309218549876567 3969.3818372640812 6.038310628350656
140 3.6228209515445298 3973.0046582156256 4.179833048028827
886 2.4896734582719455 3975.4943316738977 0.8526460712329405
279 4.830750797254115 3980.3250824711517 3.490303120533154
599 26.95120319861156 4007.276285669763 3.0059910769437215
442 6.420920275361687 4013.697205945125 1.1509182264101754
550 6.001084001850357 4019.6982899469754 1.3935583557321953
279 6.388464652901642 4026.086754599877 0.5414931121303492
196 25.261068172671195 4051.347822772548 1.2982243546703471
517 7.7830343306156955 4059.130857103164 2.3754169763789394
749 11.734769546142761 4070.8656266493067 2.464049344308937
310 23.307445987673336 4094.17307263698 3.524165398975317
484 12.87923707223661 4107.052309709216 3.106486074675888
968 2.151991204429933 4109.204300913646 2.409519480970246
717 21.151443335423785 4130.35574424907 2.584032791142926
896 0.15551083819694173 4130.511255087267 1.6087504426070647
182 14.175281427927121 4144.686536515194 1.2127583489584934
429 5.378824948475415 4150.065361463669 1.0111985986263132
943 11.875214729857523 4161.940576193527 4.455523924773652
923 32.781806103652926 4194.72238229718 5.072214794746032
654 3.9402811603227046 4198.662663457503 0.9612322528738347
581 10.409010626911892 4209.0716740844155 1.8240198892950037
882 2.327392942316699 4211.399067026732 3.123008763412897
229 12.177220825852636 4223.576287852585 3.217694591371194
17 6.56891517070748 4230.145203023292 2.476563120758577
454 1.0860690718087616 4231.231272095101 1.8528518587872118
846 3.1002881924867207 4234.331560287588 3.0051541640114405
617 7.9846352531304285 4242.316195540719 2.047245189801769
524 0.4997293458530794 4242.815924886571 2.137581040147625
169 65.49647580969489 4308.312400696266 6.5695716321145134
89 1.0449605612511519 4309.357361257517 2.0651527154243343
762 0.9432707495870265 4310.3006320071045 3.760807757824919
564 23.165064475791993 4333.465696482896 4.804899872687072
635 1.5784424552658718 4335.044138938162 1.8304210361734568
430 6.023837427664428 4341.067976365826 1.4377315024259014
857 11.158050409449023 4352.226026775275 3.3193990069591495
708 20.230627215151106 4372.456653990426 2.4840793652159445
945 4.067026068253603 4376.52368005868 3.4535695226765277
279 25.45252472997181 4401.976204788652 2.0198174793583696
233 2.3905785417539502 4404.366783330405 3.048407148109141
819 0.07461738650552906 4404.441400716911 3.795008354411457
247 0.5495111862129947 4404.990911903124 1.3868526245852302
194 0.8925281042475732 4405.883440007371 7.847183761650179
244 1.5855377605053589 4407.468977767877 2.1398503997026155
450 1.8125764651290648 4409.281554233006 3.5204317904819975
63 2.258294045618481 4411.539848278625 4.42288762954514
916 0.3554082669846857 4411.895256545609 2.0758405763685026
267 0.05638955163670156 4411.951646097246 2.4633374990534698
819 0.45750851293513733 4412.409154610182 1.6032691730123108
906 0.6896033938599714 4413.098758004042 2.2963594074562668
851 0.8236432182047163 4413.922401222247 4.400016229631187
471 2.076101176656582 4415.998502398903 1.6765753611201446
747 0.6590247479079518 4416.657527146811 6.227687142066718
319 0.39083281496953753 4417.04835996178 3.3410156739188057
316 1.5926607917731397 4418.641020753553 2.486553613858758
103 1.5935407373683246 4420.234561490921 3.856285464562915
583 0.40042075370080144 4420.634982244622 0.19425187015318113
995 0.6937830140430524 4421.328765258665 4.268350122229116
452 1.6307182807449416 4422.95948353941 1.976296117570007
230 0.32563892993894444 4423.285122469349 2.986307120677589
808 0.004234218503579032 4423.289356687852 9.288966892237756
57 1.1905992229616913 4424.479955910813 1.7476443026102253
881 0.578303245137843 4425.058259155951 6.622121042486906
867 0.7303756594163345 4425.788634815368 5.207638193463855
791 0.14098338145124167 4425.929618196819 1.5843660051413413
635 0.2921197242466188 4426.221737921066 7.567847544143459
417 0.37907907472800567 4426.600816995794 3.7123210834336753
97 0.5719487526260711 4427.17276574842 1.8481129154255371
851 0.06119002477732325 4427.2339557731975 3.8713004021513395
187 0.05206890774324683 4427.2860246809405 1.1894998773663996
304 0.08573254648864993 4427.371757227429 4.178279004091212
752 0.6509818977134826 4428.022739125143 2.732680259699191
801 0.46880469916268613 4428.491543824305 5.000409769444408
129 2.415113098859401 4430.9066569231645 3.147922540954589
208 2.3776215250026635 4433.284278448167 0.9847395887790689
816 0.84636537585917 4434.130643824026 1.14389287275972
271 1.254533110667861 4435.385176934694 3.5805331435348577
182 0.19540704523123373 4435.580583979925 4.187949902653479
919 0.2516030478973994 4435.832187027822 2.22314634114567
199 0.7877264814987986 4436.619913509321 1.959244880507828
682 0.25852557162463996 4436.878439080946 1.075533525447868
866 4.572208874764895 4441.450647955711 3.339925211722287
775 0.1418386014664226 4441.592486557178 2.098660993653505
900 3.436399242755107 4445.028885799933 3.3052860159458897
791 0.4478611225171194 4445.47674692245 3.5006636994542015
960 0.7049512863592048 4446.181698208809 0.8163917213582528
310 0.6118364598080035 4446.793534668617 2.9168363020357706
102 0.707404684242034 4447.500939352859 4.327124713384641
33 0.029954058206345526 4447.530893411065 1.2436530470411848
478 0.0642136377315965 4447.595107048797 6.285720328696389
48 0.08392895660827043 4447.679036005406 2.207242751737995
582 2.526700919865436 4450.205736925271 1.0441506989376195
940 2.3457054167465716 4452.551442342017 0.9594196456223345
38 0.059335494137383385 4452.610777836155 2.1117415314978576
936 1.0626970213744542 4453.673474857529 5.1486917607661375
618 0.18950000416379045 4453.862974861693 1.6137463636311795
801 0.9648555031605597 4454.827830364854 1.3939357708119549
459 0.08579501638601962 4454.91362538124 2.870006942505779
312 0.10280567791757911 4455.016431059158 6.47958329338657
825 1.671774297653266 4456.6882053568115 6.70793405258704
65 1.031920298957181 4457.720125655769 2.5976067167890147
76 0.6576715856435309 4458.377797241413 2.8054033460996317
565 1.5898274463939739 4459.967624687807 3.4662216575624374
35 0.47280237062815916 4460.4404270584355 4.586568104344877
468 3.296907792692752 4463.737334851128 2.5179935346897198
671 0.5593134463774095 4464.296648297505 0.6849082967113553
383 0.6065816755518931 4464.903229973057 1.5500930902251941
559 0.11356029550122547 4465.016790268558 2.928325992984435
737 1.6067923005724682 4466.62358256913 2.160597946946573
45 0.4213587096038342 4467.044941278734 3.652753838775061
327 3.6417903144421433 4470.686731593176 4.096999360368612
955 1.466788984420273 4472.153520577596 1.0883215654460643
421 0.7106655780940803 4472.864186155691 1.6320973430127088
857 1.725403969338751 4474.58959012503 2.3736762540682292
438 0.16906883498788733 4474.758658960018 1.0712147490670803
390 0.506117344046414 4475.264776304064 2.0139600402587923
92 0.3152392786544104 4475.580015582718 2.751011871216419
765 0.009592488020756188 4475.589608070739 1.899948194791258
730 0.49274093790361156 4476.082349008642 2.8139693178263334
482 1.8473149758499992 4477.929663984492 0.8065257594633454
931 0.0113616800759478 4477.941025664569 2.5540982538315085
210 1.1093598039310437 4479.050385468499 1.5990936839043868
652 1.9330641114258411 4480.983449579925 0.6845952936830437
317 1.0683915250955265 4482.051841105021 4.414317877823178
189 0.20076855023735704 4482.252609655258 0.35381083692354715
40 0.48542735920208957 4482.73803701446 3.257744452621563
103 0.6549832891282005 4483.393020303588 3.4816674320079457
140 0.3840067024894188 4483.777027006077 2.9356991640336525
679 0.39743433946769546 4484.174461345545 2.9410056803971294
382 0.6345231789125234 4484.808984524458 3.5463013791010196
401 1.4565043039814376 4486.265488828439 3.389546573139466
779 0.21949398412876162 4486.484982812567 3.716082394919292
175 1.5939106063774078 4488.078893418944 0.87047420526266
465 1.0295297704503974 4489.108423189395 3.2013669894430152
393 0.011004988898918438 4489.119428178294 3.9609332816159015
66 3.252633667415099 4492.372061845709 4.07059853264186
668 1.5215785422269608 4493.893640387936 2.0437056630159005
142 0.5267921990536578 4494.42043258699 4.45891752833124
142 0.300853651582701 4494.721286238572 3.014463007363784
802 1.4480222985507905 4496.1693085371235 3.161497669765835
707 17.695682528676162 4513.8649910658 0.7748674039619636
761 7.176483455745499 4521.041474521545 1.1789690950210208
339 10.368498826720224 4531.409973348265 1.0623994115726039
615 14.972238572668758 4546.382211920934 3.7220138991038803
219 18.428800731191984 4564.811012652126 6.479855510499346
227 6.468723761204593 4571.27973641333 6.542727789072097
9 1.0637938403454155 4572.343530253675 1.453698530475359
823 9.500103733662883 4581.843633987339 2.8008989921394893
801 21.234466376707267 4603.078100364046 5.454820452489836
521 0.8775416611160923 4603.955642025162 6.417078059343751
136 4.081313421548347 4608.036955446711 1.3112040990979752
455 10.775590852221825 4618.812546298933 3.416010678626425
553 1.4591081058932165 4620.271654404826 4.143474769208964
185 1.7384226348897363 4622.010077039716 7.67242272395057
380 9.117226417631098 4631.127303457347 1.0542509200521812
781 14.756738581990298 4645.884042039337 6.260395604265306
21 3.6142637837387777 4649.4983058230755 1.2423158320331105
216 1.6576003645294284 4651.155906187605 2.6069966229151924
896 8.73983686737207 4659.895743054977 3.279787732734541
730 5.251332448353823 4665.147075503331 5.959047563528633
763 6.4223085582099895 4671.56938406154 1.9737161736779685
195 3.6195851020812326 4675.188969163622 4.516184052596978
260 34.2128070230896 4709.401776186711 2.53610954237719
622 1.1538772453445363 4710.555653432055 5.255525396524829
961 3.435650381281371 4713.991303813336 1.767669677321889
638 0.047273559068645124 4714.038577372405 1.938064669305882
632 5.139907924870739 4719.178485297275 3.9561741053902093
997 3.552817297712246 4722.731302594987 2.1992606998966973
585 0.9240026951604606 4723.655305290147 1.4236597210630137
864 31.775657669392963 4755.43096295954 1.511596240868432
516 0.4622387739101991 4755.89320173345 2.708286388314682
284 25.48758078269847 4781.380782516148 4.261609341640828
850 9.040424204532497 4790.421206720681 3.9819020771529274
827 11.706190253722081 4802.127396974403 4.433852653082115
302 5.416681679655671 4807.544078654059 7.067147259908662
69 26.203566455584408 4833.747645109644 2.902807216724096
458 1.5306787471130443 4835.278323856756 2.252410519272816
666 24.900953961328188 4860.179277818084 10.026439605577188
262 16.937255599975284 4877.11653341806 3.215329994994543
324 2.6855795264428357 4879.802112944502 1.4434306647277424
438 7.219242147524623 4887.021355092027 0.8881092176176193
143 0.18700420603847537 4887.208359298065 1.3636553287249105
747 19.268393375535844 4906.476752673601 2.4390134808719317
917 1.7912046137639381 4908.267957287365 3.1714288825206354
218 15.256962593530812 4923.524919880896 1.2088165907701502
323 0.23019738830190734 4923.755117269198 4.456175092784637
198 10.440205240801816 4934.195322510001 3.7879385141027857
4 0.5327244239726134 4934.728046933973 0.6852941151157738
512 20.56360506643768 4955.291652000411 2.0666002201754865
277 1.6709182206018813 4956.962570221013 0.6527103650203481
85 2.4655951016068305 4959.42816532262 4.485625460281898
624 2.5013644906434656 4961.929529813263 2.1283558139924215
669 1.5346740817091815 4963.464203894972 5.115985643094026
389 5.0374541624998965 4968.501658057472 2.6625904235235565
151 0.9530104786112406 4969.454668536083 1.6858134838031495
33 8.313815256174763 4977.768483792258 5.715495691166845
331 2.93965622073884 4980.708140012996 5.524613528914227
550 19.007752256765308 4999.715892269762 3.113573219470196
554 24.681555233265104 5024.397447503027 2.439752649078057
428 2.839030276031225 5027.236477779058 3.9693467121018795
565 17.541943754599465 5044.778421533658 3.249919393352038
76 3.866776075877811 5048.645197609536 4.034988399670524
621 4.481129188417162 5053.126326797953 1.5522553993257393
865 3.1327461873551004 5056.259072985308 1.2755209931189315
610 7.207079426861759 5063.46615241217 1.6806388701701058
24 10.471454483340814 5073.937606895511 3.3391008526726926
810 1.1757586088174636 5075.113365504329 3.7899026510222154
715 0.9011146499387386 5076.014480154267 1.2973514901656993
158 22.52284008318227 5098.537320237449 0.7527530015520544
29 39.021012188387346 5137.558332425837 3.611017529901068
806 5.150285942596989 5142.708618368434 2.9309594116215587
770 5.737716025925902 5148.44633439436 1.09250452239134
315 7.940229255717722 5156.386563650078 1.6343903169923035
155 5.825410070974147 5162.211973721051 4.930664231797411
88 6.343677532808016 5168.55565125386 7.480410958621041
923 2.6899406262459897 5171.245591880106 2.0182398558652497
838 0.12383080639873495 5171.369422686505 2.568157932471448
304 24.64835828306186 5196.017780969566 2.7140953075543335
611 1.660161339233742 5197.6779423088 1.9094656291090253
12 15.00720167235543 5212.685143981155 2.822211315177989
677 3.1339132633610567 5215.819057244516 1.0308320600323202
127 2.6413075775278516 5218.4603648220445 1.0429803761387977
193 8.865118849943533 5227.325483671988 2.4494866805907054
682 3.6054603003379597 5230.930943972326 1.3134289159634087
591 25.151375993719594 5256.082319966045 0.30079331185528246
198 5.9459424288867035 5262.028262394932 1.6745955798977108
427 19.648525748299534 5281.6767881432315 2.537647242883353
50 9.75094163659753 5291.427729779829 3.148028909173587
92 19.99132849393259 5311.419058273762 2.6728001518004536
469 3.05414010141523 5314.473198375177 2.0889782753280492
116 1.5404795596738272 5316.013677934851 2.7149027683110956
706 29.917538308471727 5345.931216243323 1.341279477181438
590 2.708551889462046 5348.639768132785 3.416085237179715
772 26.395121918956136 5375.034890051741 3.2425071908433942
39 0.2197060383143458 5375.254596090055 3.3097933264749995
530 0.3585022984148811 5375.6130983884705 2.3115969349938474
335 2.40549884385971 5378.01859723233 4.448370517285219
502 3.665299099588353 5381.683896331918 1.8072725734369737
86 11.08913401037622 5392.773030342294 3.9941463885146433
